6.07013e-12
6.07031e-08
9.7125e-07
4.91694e-06
1.55399e-05
3.79386e-05
7.86677e-05
0.000145736
0.000248605
0.000398183
0.000606821
0.000888303
0.00125783
0.00173203
0.00232887
0.0030677
0.00396921
0.00505533
0.00634922
0.00787524
0.00965881
0.0117263
0.0141052
0.0168235
0.01991
0.0233941
0.0273054
0.0316737
0.0365288
0.0419003
0.0478172
0.054308
0.0614
0.0691192
0.0774902
0.0865355
0.0962756
0.106728
0.117909
0.12983
0.142498
0.15592
0.170095
0.18502
0.200688
0.217084
0.234193
0.25199
0.270449
0.289537
0.309216
0.329445
0.350175
0.371356
0.392932
0.414843
0.437027
0.459419
0.48195
0.50455
0.527148
0.549672
0.572051
0.594214
0.616089
0.637611
0.658712
0.67933
0.699407
0.718887
0.73772
0.75586
0.773268
0.789909
0.805753
0.820778
0.834966
0.848306
0.860792
0.872424
0.883208
0.893154
0.902278
0.9106
0.918143
0.924936
0.93101
0.936397
0.941134
0.945257
0.948807
0.951821
0.954341
0.956404
0.958051
0.959319
0.960246
0.960867
0.961216
0.961326
0.00056939
0.000568918
0.00056191
0.000532825
0.000464852
0.000366101
0.000287984
0.00027388
0.000328995
0.000450734
0.00064256
0.000913458
0.00127606
0.00174557
0.00233914
0.00307565
0.00397544
0.00506029
0.00635324
0.00787851
0.00966148
0.0117286
0.0141071
0.0168251
0.0199114
0.0233952
0.0273064
0.0316745
0.0365295
0.0419009
0.0478178
0.0543085
0.0614004
0.0691196
0.0774904
0.0865356
0.0962758
0.106729
0.117909
0.12983
0.142498
0.15592
0.170095
0.185021
0.200688
0.217085
0.234193
0.25199
0.27045
0.289537
0.309217
0.329445
0.350176
0.371356
0.392932
0.414844
0.437028
0.459419
0.48195
0.50455
0.527148
0.549673
0.572052
0.594215
0.616091
0.637612
0.658713
0.679331
0.699407
0.718888
0.73772
0.755861
0.773268
0.789909
0.805754
0.820779
0.834967
0.848306
0.860793
0.872423
0.883208
0.893154
0.902279
0.910602
0.918145
0.924937
0.931011
0.936398
0.941135
0.945259
0.94881
0.951823
0.954341
0.956404
0.958053
0.95932
0.960247
0.960868
0.961218
0.961326
0.000625363
0.000624898
0.000617978
0.000589131
0.000520673
0.000416915
0.000326663
0.000299625
0.000345678
0.000461788
0.000650129
0.000918808
0.00127995
0.00174846
0.00234134
0.00307735
0.00397678
0.00506136
0.00635409
0.00787922
0.00966207
0.0117291
0.0141075
0.0168254
0.0199117
0.0233955
0.0273066
0.0316747
0.0365297
0.041901
0.0478179
0.0543086
0.0614005
0.0691194
0.0774903
0.0865357
0.0962758
0.106729
0.117909
0.12983
0.142498
0.15592
0.170095
0.18502
0.200688
0.217085
0.234193
0.25199
0.270449
0.289537
0.309217
0.329445
0.350175
0.371356
0.392932
0.414844
0.437028
0.459419
0.48195
0.50455
0.527148
0.549673
0.572052
0.594214
0.61609
0.637611
0.658712
0.679331
0.699407
0.718888
0.73772
0.755861
0.77327
0.78991
0.805754
0.820779
0.834967
0.848306
0.860793
0.872424
0.883208
0.893155
0.902279
0.9106
0.918145
0.924936
0.93101
0.936398
0.941134
0.945258
0.948807
0.951822
0.954342
0.956404
0.958051
0.95932
0.960246
0.960868
0.961217
0.961327
0.00263451
0.00263415
0.00262865
0.00260502
0.00254284
0.00241863
0.00221676
0.00194877
0.00167009
0.00146259
0.00138571
0.00145853
0.00168055
0.00205063
0.00257312
0.00325796
0.00411957
0.00517571
0.00644674
0.00795506
0.00972475
0.0117813
0.0141513
0.0168625
0.0199432
0.0234224
0.0273297
0.0316947
0.036547
0.0419161
0.0478311
0.05432
0.0614106
0.0691285
0.0774983
0.0865427
0.096282
0.106734
0.117914
0.129834
0.142502
0.155923
0.170098
0.185023
0.20069
0.217086
0.234194
0.251992
0.270449
0.289537
0.309216
0.329445
0.350175
0.371356
0.392932
0.414843
0.437028
0.459419
0.48195
0.50455
0.527148
0.549672
0.572051
0.594214
0.616089
0.637611
0.658712
0.67933
0.699407
0.718887
0.73772
0.75586
0.773268
0.789909
0.805753
0.820778
0.834966
0.848306
0.860792
0.872424
0.883208
0.893154
0.902278
0.9106
0.918143
0.924936
0.93101
0.936397
0.941134
0.945257
0.948807
0.951821
0.954341
0.956404
0.958051
0.959319
0.960246
0.960867
0.961217
0.961326
0.00713527
0.00713498
0.00713052
0.00711123
0.00705968
0.00695275
0.00676448
0.00647192
0.00606546
0.00556288
0.00502144
0.00453245
0.00419092
0.00406244
0.00417579
0.00453753
0.00514779
0.00600881
0.00712769
0.00851644
0.0101913
0.0121736
0.0144808
0.0171421
0.0201818
0.0236272
0.0275062
0.0318475
0.0366798
0.042032
0.0479324
0.0544091
0.0614889
0.0691975
0.0775593
0.0865969
0.0963298
0.106777
0.117952
0.129867
0.142532
0.155949
0.170122
0.185044
0.200709
0.217103
0.234209
0.252005
0.270462
0.289548
0.309226
0.329453
0.350183
0.371363
0.392938
0.414848
0.437032
0.459423
0.481953
0.504552
0.527148
0.549673
0.572051
0.594214
0.61609
0.637611
0.658712
0.67933
0.699407
0.718887
0.73772
0.75586
0.773268
0.789909
0.805753
0.820778
0.834966
0.848306
0.860791
0.872424
0.883208
0.893154
0.902278
0.9106
0.918143
0.924936
0.93101
0.936397
0.941134
0.945257
0.948807
0.951821
0.954341
0.956404
0.958051
0.959319
0.960246
0.960867
0.961216
0.961326
0.015167
0.0151668
0.0151631
0.0151473
0.0151047
0.0150155
0.0148554
0.0145977
0.0142165
0.0136934
0.0130251
0.0122345
0.0113792
0.0105509
0.00985889
0.00940347
0.00925534
0.00945251
0.0100103
0.0109337
0.0122257
0.013892
0.0159422
0.01839
0.0212525
0.02455
0.0283049
0.0325415
0.037285
0.0425614
0.048397
0.0548178
0.0618492
0.069516
0.0778413
0.0868466
0.0965518
0.106975
0.118127
0.130024
0.142671
0.156074
0.170232
0.185142
0.200797
0.217181
0.234278
0.252067
0.270517
0.289597
0.309269
0.329491
0.350216
0.371392
0.392963
0.41487
0.437052
0.45944
0.481967
0.504564
0.52716
0.549683
0.57206
0.594221
0.616096
0.637616
0.658716
0.679331
0.699407
0.718887
0.73772
0.75586
0.773268
0.789908
0.805753
0.820777
0.834965
0.848305
0.860791
0.872423
0.883207
0.893153
0.902278
0.910599
0.918143
0.924936
0.931009
0.936397
0.941133
0.945257
0.948807
0.951821
0.95434
0.956404
0.958051
0.959319
0.960246
0.960867
0.961216
0.961326
0.0276414
0.0276412
0.0276382
0.0276251
0.0275899
0.027516
0.0273823
0.0271645
0.026836
0.0263707
0.0257463
0.0249496
0.0239834
0.0228746
0.0216805
0.0204899
0.0194146
0.018572
0.0180648
0.0179682
0.0183284
0.0191696
0.0205032
0.0223355
0.0246725
0.0275218
0.0308946
0.0348044
0.039268
0.0443037
0.0499315
0.0561724
0.0630475
0.0705779
0.0787838
0.0876845
0.0972974
0.107638
0.118719
0.130552
0.143142
0.156494
0.170607
0.185477
0.201095
0.217447
0.234516
0.252277
0.270704
0.289763
0.309417
0.329622
0.350331
0.371493
0.393053
0.414947
0.43712
0.459499
0.482019
0.504609
0.527198
0.549716
0.572088
0.594245
0.616115
0.637631
0.658729
0.679344
0.699417
0.718895
0.737725
0.755865
0.773267
0.789907
0.805751
0.820776
0.834964
0.848304
0.86079
0.872422
0.883206
0.893152
0.902277
0.910598
0.918142
0.924935
0.931009
0.936396
0.941133
0.945257
0.948806
0.951821
0.95434
0.956404
0.958051
0.959319
0.960246
0.960867
0.961216
0.961326
0.0452649
0.0452648
0.0452623
0.0452515
0.0452224
0.0451613
0.0450504
0.0448689
0.0445931
0.0441974
0.0436564
0.0429467
0.0420507
0.0409614
0.0396863
0.0382555
0.0367255
0.0351811
0.0337314
0.0324987
0.0316034
0.0311492
0.0312148
0.0318535
0.0330974
0.0349647
0.0374656
0.0406075
0.0443972
0.0488427
0.0539538
0.0597419
0.0662196
0.0734006
0.0812986
0.0899273
0.0992996
0.109427
0.120318
0.131982
0.144421
0.157638
0.17163
0.186392
0.201913
0.218177
0.235167
0.252858
0.271221
0.290223
0.309825
0.329983
0.350651
0.371775
0.3933
0.415166
0.437312
0.459665
0.482163
0.504734
0.527306
0.549809
0.572166
0.59431
0.616171
0.637678
0.658768
0.679375
0.699441
0.718915
0.737742
0.755876
0.773279
0.789914
0.805748
0.820772
0.83496
0.8483
0.860786
0.872418
0.883201
0.893147
0.902271
0.910593
0.918139
0.924933
0.931006
0.936394
0.941131
0.945255
0.948805
0.95182
0.954339
0.956403
0.95805
0.959318
0.960246
0.960867
0.961216
0.961326
0.0684861
0.0684859
0.0684839
0.068475
0.0684511
0.0684008
0.0683094
0.0681595
0.0679307
0.0676006
0.0671455
0.0665412
0.0657649
0.0647977
0.0636267
0.0622512
0.0606822
0.0589522
0.0571168
0.0552563
0.0534748
0.0518928
0.0506372
0.0498284
0.0495701
0.0499436
0.0510072
0.0527996
0.0553446
0.0586564
0.0627436
0.0676119
0.0732665
0.0797119
0.0869532
0.0949955
0.103844
0.113502
0.123975
0.135262
0.147364
0.160278
0.173998
0.188515
0.203814
0.219879
0.236689
0.254218
0.272434
0.291303
0.310785
0.330836
0.351406
0.372443
0.393889
0.415684
0.437763
0.460061
0.482507
0.505032
0.527563
0.550028
0.572354
0.59447
0.616305
0.63779
0.658853
0.67945
0.699503
0.718964
0.737778
0.755904
0.773299
0.789929
0.805765
0.820763
0.834949
0.848286
0.86077
0.872401
0.883186
0.893132
0.902264
0.91058
0.918124
0.92492
0.930993
0.936382
0.94112
0.945246
0.948798
0.951813
0.954336
0.956401
0.958048
0.959317
0.960245
0.960866
0.961216
0.961326
0.0974639
0.0974638
0.0974621
0.0974548
0.0974353
0.0973941
0.0973193
0.0971964
0.0970085
0.0967366
0.09636
0.0958568
0.095205
0.0943834
0.093373
0.0921592
0.0907355
0.0891035
0.08728
0.0852983
0.0832127
0.0810993
0.0790558
0.0771977
0.0756514
0.0745433
0.0739928
0.0741022
0.0749538
0.0766091
0.0791108
0.0824868
0.0867536
0.0919203
0.0979908
0.104966
0.112844
0.121623
0.131299
0.141864
0.153313
0.165636
0.17882
0.192851
0.207711
0.223378
0.239827
0.257028
0.274947
0.293547
0.312786
0.332615
0.352986
0.373842
0.395124
0.416772
0.438718
0.460896
0.483236
0.505664
0.528109
0.550498
0.572756
0.594811
0.616592
0.63803
0.659058
0.679613
0.699635
0.719067
0.737859
0.755966
0.773344
0.78996
0.805784
0.820795
0.834921
0.848294
0.860771
0.872369
0.88318
0.893104
0.902247
0.910568
0.918113
0.924906
0.930981
0.936367
0.941102
0.945235
0.948785
0.9518
0.954322
0.95639
0.958038
0.959312
0.960243
0.960865
0.961215
0.961326
0.132056
0.132056
0.132055
0.132049
0.132033
0.132
0.131939
0.131839
0.131686
0.131465
0.131157
0.130745
0.130208
0.129527
0.128683
0.127657
0.126436
0.125009
0.123376
0.12154
0.119522
0.117357
0.115097
0.112813
0.110598
0.108559
0.106819
0.105503
0.104737
0.104636
0.1053
0.106809
0.109227
0.112598
0.11695
0.122301
0.128659
0.136023
0.144389
0.153748
0.164088
0.175393
0.187647
0.200826
0.214907
0.229864
0.245664
0.262274
0.279654
0.297763
0.316554
0.335978
0.355978
0.376499
0.397477
0.418849
0.440547
0.4625
0.484637
0.506883
0.529165
0.551407
0.573535
0.595475
0.617153
0.638501
0.659449
0.679934
0.699895
0.719275
0.738021
0.756088
0.773434
0.790023
0.805824
0.820813
0.834868
0.848279
0.860749
0.872378
0.883152
0.893093
0.902165
0.910534
0.918078
0.924847
0.93095
0.936341
0.941082
0.945195
0.948765
0.951781
0.9543
0.956375
0.958027
0.959297
0.96023
0.960858
0.961214
0.961326
0.171827
0.171827
0.171826
0.171822
0.171809
0.171782
0.171733
0.171653
0.17153
0.171351
0.171103
0.17077
0.170335
0.169781
0.169091
0.168247
0.167234
0.166039
0.164649
0.163061
0.161279
0.159308
0.157173
0.154907
0.152562
0.150205
0.14792
0.14581
0.143988
0.142575
0.141697
0.141474
0.142016
0.143417
0.145757
0.149094
0.153471
0.158918
0.165447
0.173063
0.181761
0.191529
0.202348
0.214195
0.227043
0.24086
0.25561
0.271252
0.287744
0.305038
0.323082
0.341821
0.361197
0.381147
0.401606
0.422505
0.443774
0.465339
0.487124
0.509053
0.53105
0.553036
0.574934
0.59667
0.618167
0.639353
0.660159
0.68052
0.700372
0.719657
0.738322
0.756319
0.773605
0.790143
0.805902
0.820856
0.834987
0.848282
0.860733
0.872339
0.883105
0.893038
0.902155
0.910473
0.918018
0.924814
0.930893
0.936288
0.941033
0.945168
0.948725
0.951742
0.954278
0.956351
0.958003
0.959278
0.960216
0.960843
0.961206
0.961326
0.216071
0.216071
0.21607
0.216067
0.216056
0.216035
0.215996
0.215932
0.215835
0.215693
0.215495
0.21523
0.214882
0.214439
0.213885
0.213206
0.212385
0.211412
0.210271
0.208955
0.207456
0.205772
0.203915
0.20189
0.199722
0.197448
0.195115
0.192786
0.190541
0.188472
0.186685
0.185294
0.184419
0.184179
0.184688
0.186047
0.188346
0.191657
0.196033
0.201515
0.208124
0.215871
0.224753
0.234757
0.245861
0.258038
0.271251
0.28546
0.300618
0.316675
0.333574
0.351257
0.36966
0.388716
0.408356
0.428505
0.449089
0.470028
0.491248
0.512664
0.534196
0.555764
0.577287
0.598685
0.619881
0.640801
0.661371
0.681523
0.701192
0.720318
0.738845
0.756723
0.773907
0.790359
0.806045
0.82094
0.835022
0.848277
0.860697
0.872279
0.883029
0.892949
0.902058
0.910373
0.917916
0.924715
0.930798
0.936197
0.940949
0.945089
0.948656
0.951688
0.954225
0.956305
0.957969
0.959253
0.960194
0.96082
0.961185
0.961326
0.263848
0.263848
0.263848
0.263845
0.263837
0.26382
0.26379
0.26374
0.263663
0.263552
0.263397
0.263189
0.262916
0.262568
0.262131
0.261594
0.260945
0.26017
0.259259
0.2582
0.256986
0.255608
0.254068
0.252368
0.250512
0.248517
0.246408
0.244219
0.241996
0.239798
0.237697
0.235779
0.234138
0.232883
0.232123
0.231974
0.232546
0.233943
0.236259
0.239572
0.243946
0.249428
0.25605
0.263826
0.272759
0.282837
0.294039
0.306331
0.319675
0.334021
0.349316
0.365499
0.382505
0.400265
0.418704
0.437747
0.457312
0.477319
0.497684
0.518321
0.539146
0.560072
0.581016
0.601893
0.622622
0.643124
0.663323
0.683147
0.702527
0.7214
0.739706
0.757393
0.774414
0.790727
0.806296
0.821092
0.835094
0.848284
0.860652
0.872194
0.882912
0.892812
0.901907
0.910215
0.917756
0.924556
0.930644
0.936051
0.940813
0.944964
0.948543
0.951587
0.954136
0.956229
0.957905
0.959202
0.960152
0.960797
0.961159
0.961326
0.314033
0.314033
0.314032
0.31403
0.314024
0.314011
0.313988
0.313949
0.31389
0.313805
0.313686
0.313526
0.313316
0.313047
0.31271
0.312295
0.311792
0.311191
0.310481
0.309653
0.308699
0.30761
0.306384
0.305014
0.303503
0.301862
0.300091
0.298212
0.296249
0.294236
0.292216
0.290243
0.288383
0.286713
0.285321
0.284302
0.283759
0.283798
0.284524
0.286036
0.288429
0.291783
0.296167
0.301633
0.308217
0.315942
0.324812
0.33482
0.345944
0.358151
0.371399
0.385634
0.400798
0.416822
0.433636
0.451162
0.469317
0.488018
0.507178
0.526708
0.546519
0.56652
0.586623
0.606739
0.626782
0.646668
0.666316
0.68565
0.704596
0.723087
0.741059
0.758456
0.775226
0.791324
0.806711
0.821355
0.83523
0.848317
0.860602
0.87208
0.882748
0.892613
0.901685
0.909978
0.917514
0.924315
0.930409
0.935827
0.940602
0.944769
0.948365
0.951428
0.953997
0.956109
0.957803
0.959116
0.960085
0.960746
0.96113
0.961325
0.365362
0.365362
0.365362
0.36536
0.365356
0.365346
0.365329
0.3653
0.365256
0.365192
0.365102
0.364982
0.364824
0.364622
0.364369
0.364057
0.363677
0.363223
0.362686
0.362057
0.36133
0.360499
0.359557
0.3585
0.357324
0.356031
0.354623
0.353117
0.351511
0.349828
0.348093
0.346337
0.344602
0.342937
0.341402
0.340065
0.339005
0.338307
0.338064
0.338371
0.339324
0.341019
0.343543
0.346976
0.351385
0.356825
0.363337
0.370945
0.379657
0.38947
0.400363
0.412304
0.42525
0.439146
0.45393
0.469531
0.485873
0.502873
0.520445
0.5385
0.556947
0.575692
0.594644
0.613709
0.632798
0.651821
0.670693
0.689331
0.707658
0.7256
0.74309
0.760064
0.776468
0.792251
0.807368
0.821785
0.83547
0.848401
0.860561
0.871938
0.882531
0.892339
0.901372
0.909641
0.917164
0.923963
0.930064
0.935495
0.940288
0.944478
0.948099
0.951189
0.953785
0.955925
0.957646
0.958986
0.959981
0.960665
0.961071
0.961313
0.416487
0.416487
0.416487
0.416486
0.416482
0.416475
0.416463
0.416442
0.41641
0.416363
0.416299
0.416211
0.416097
0.415951
0.415767
0.41554
0.415264
0.414933
0.414541
0.414082
0.41355
0.412939
0.412245
0.411463
0.41059
0.409625
0.408566
0.407416
0.40619
0.404883
0.403513
0.402098
0.400663
0.399237
0.397857
0.396569
0.395425
0.394488
0.393824
0.393512
0.393631
0.394266
0.395505
0.397431
0.400127
0.403666
0.408114
0.413523
0.419933
0.427372
0.43585
0.445364
0.455897
0.467418
0.479885
0.493245
0.507433
0.522379
0.538005
0.554225
0.570953
0.588098
0.605565
0.623263
0.641097
0.658975
0.676808
0.694509
0.711994
0.729186
0.74601
0.762399
0.77829
0.793628
0.808365
0.822456
0.835869
0.848573
0.860548
0.871777
0.882255
0.891977
0.900948
0.909176
0.916677
0.923469
0.929575
0.935022
0.939839
0.944058
0.947713
0.95084
0.953474
0.955653
0.957414
0.958791
0.959823
0.960541
0.960978
0.961161
0.466013
0.466013
0.466012
0.466012
0.466009
0.466005
0.465996
0.465981
0.46596
0.465928
0.465883
0.465823
0.465744
0.465644
0.465517
0.465361
0.465171
0.464942
0.464672
0.464354
0.463986
0.463562
0.46308
0.462536
0.461926
0.461248
0.460504
0.45969
0.45881
0.457867
0.456882
0.455843
0.454774
0.453691
0.452616
0.451579
0.450611
0.449755
0.449055
0.448565
0.448347
0.448464
0.448988
0.449993
0.451553
0.453744
0.456638
0.460302
0.464794
0.470164
0.476451
0.48368
0.491862
0.500996
0.511067
0.522047
0.533895
0.546559
0.559978
0.574082
0.588793
0.60403
0.619705
0.635727
0.652006
0.66845
0.684968
0.701469
0.717868
0.734081
0.750031
0.765643
0.780849
0.795589
0.809807
0.823454
0.836488
0.848877
0.860591
0.87161
0.881921
0.891515
0.900393
0.908559
0.916022
0.922798
0.928905
0.934368
0.939213
0.943469
0.947169
0.950344
0.953031
0.955263
0.957077
0.958508
0.95959
0.960364
0.960843
0.961058
0.512534
0.512534
0.512534
0.512533
0.512532
0.512529
0.512524
0.512514
0.512501
0.512481
0.512453
0.512415
0.512366
0.512303
0.512224
0.512125
0.512006
0.511863
0.511693
0.511494
0.511262
0.510996
0.510692
0.510347
0.509961
0.509534
0.509061
0.508542
0.507983
0.507379
0.506737
0.50606
0.505375
0.504664
0.503951
0.503253
0.502591
0.50199
0.50148
0.501096
0.500878
0.500872
0.50113
0.501707
0.502662
0.50406
0.505964
0.508439
0.511545
0.515343
0.519882
0.525207
0.531353
0.538341
0.546185
0.554882
0.564419
0.57477
0.585897
0.597752
0.610276
0.623403
0.637059
0.651165
0.665638
0.680392
0.695338
0.710389
0.725459
0.740463
0.755319
0.76995
0.784283
0.798253
0.811796
0.824859
0.837394
0.849359
0.86072
0.871451
0.881531
0.890946
0.89969
0.907761
0.915164
0.921909
0.928011
0.933489
0.938366
0.942667
0.946422
0.94966
0.952414
0.954717
0.956603
0.958106
0.959257
0.96009
0.960634
0.960903
0.554662
0.554662
0.554662
0.554661
0.554661
0.554659
0.554656
0.554652
0.554645
0.554635
0.55462
0.554601
0.554576
0.554544
0.554504
0.554454
0.554393
0.554321
0.554234
0.554133
0.554015
0.55388
0.553725
0.553551
0.553355
0.553137
0.5529
0.552638
0.552354
0.552052
0.55173
0.551393
0.551043
0.550687
0.550358
0.550025
0.549719
0.549454
0.549248
0.549124
0.549107
0.549228
0.549521
0.550024
0.550779
0.551834
0.553238
0.555043
0.557303
0.560071
0.563399
0.567335
0.571923
0.577201
0.583197
0.589931
0.597413
0.605642
0.614605
0.624277
0.634625
0.645604
0.657161
0.669233
0.681752
0.694645
0.707834
0.721239
0.734777
0.748367
0.76193
0.775386
0.788662
0.801687
0.814395
0.826727
0.838628
0.850052
0.860957
0.87131
0.881082
0.890256
0.898813
0.906751
0.914065
0.920759
0.926844
0.932333
0.937243
0.941597
0.945419
0.948735
0.951576
0.95397
0.95595
0.957546
0.958791
0.959712
0.960338
0.960675
0.591042
0.591042
0.591042
0.591042
0.591042
0.591042
0.591041
0.59104
0.591039
0.591037
0.591034
0.59103
0.591025
0.591019
0.591011
0.591001
0.59099
0.590975
0.590959
0.590939
0.590917
0.590892
0.590863
0.590831
0.590797
0.590759
0.590719
0.590679
0.590637
0.590594
0.590553
0.590521
0.590493
0.590475
0.590472
0.590512
0.590567
0.590663
0.590809
0.591019
0.591309
0.591698
0.592207
0.59286
0.593688
0.594719
0.59599
0.597538
0.599403
0.601627
0.604253
0.607324
0.610882
0.614966
0.619612
0.624849
0.630701
0.637185
0.644307
0.652065
0.660447
0.669431
0.678987
0.689075
0.699645
0.710643
0.722005
0.733666
0.745555
0.757599
0.769724
0.781855
0.793921
0.805851
0.817579
0.829042
0.840181
0.850945
0.861287
0.871167
0.88055
0.889411
0.897728
0.905484
0.912674
0.919294
0.925346
0.930838
0.935783
0.940197
0.944098
0.94751
0.950457
0.952966
0.955065
0.956783
0.958148
0.959186
0.959919
0.960345
0.620383
0.620383
0.620383
0.620383
0.620384
0.620384
0.620386
0.620388
0.620391
0.620396
0.620403
0.620412
0.620424
0.620439
0.620458
0.620482
0.620511
0.620546
0.620588
0.620638
0.620696
0.620764
0.620842
0.620931
0.621033
0.621149
0.62128
0.621428
0.621593
0.621782
0.62199
0.622221
0.622482
0.622771
0.623091
0.623448
0.623845
0.624317
0.624825
0.625395
0.626039
0.626767
0.627592
0.628529
0.629595
0.630811
0.632197
0.63378
0.635586
0.637645
0.639987
0.642645
0.645652
0.649043
0.652849
0.6571
0.661825
0.667046
0.67278
0.67904
0.685831
0.693148
0.700981
0.70931
0.718107
0.727336
0.736956
0.746916
0.757163
0.767636
0.778274
0.789011
0.799783
0.810524
0.82117
0.83166
0.841934
0.851939
0.861625
0.870946
0.879864
0.888345
0.896362
0.903893
0.910922
0.91744
0.923442
0.92893
0.933909
0.938389
0.942383
0.945909
0.948987
0.951638
0.953887
0.955759
0.957277
0.958464
0.959338
0.959877
0.641494
0.641494
0.641494
0.641494
0.641495
0.641497
0.641499
0.641504
0.641511
0.641522
0.641537
0.641557
0.641583
0.641617
0.641659
0.641711
0.641775
0.641852
0.641944
0.642053
0.642179
0.642326
0.642495
0.642688
0.642908
0.643155
0.643435
0.643746
0.644093
0.644477
0.644906
0.645375
0.645888
0.646449
0.647068
0.647736
0.648462
0.64925
0.650101
0.651061
0.652072
0.653169
0.654358
0.655648
0.65705
0.658574
0.660234
0.662044
0.664022
0.666185
0.668553
0.671148
0.673993
0.677112
0.680529
0.68427
0.688354
0.692812
0.697657
0.702906
0.708573
0.714665
0.721184
0.728126
0.735479
0.743226
0.751342
0.759797
0.768554
0.77757
0.786797
0.796185
0.805678
0.815224
0.824764
0.834242
0.843603
0.852794
0.861766
0.870471
0.878868
0.886917
0.894589
0.901855
0.908694
0.915088
0.921027
0.926505
0.93152
0.936076
0.94018
0.943843
0.947079
0.949905
0.952339
0.954402
0.956113
0.95749
0.958543
0.959224
0.653354
0.653354
0.653354
0.653355
0.653356
0.653358
0.653362
0.653369
0.65338
0.653396
0.653417
0.653447
0.653485
0.653534
0.653596
0.653673
0.653767
0.65388
0.654014
0.654173
0.654358
0.654573
0.65482
0.655103
0.655423
0.655786
0.656192
0.656648
0.657153
0.657712
0.658328
0.65901
0.659751
0.660559
0.661437
0.662394
0.663422
0.664531
0.665721
0.666996
0.66836
0.669865
0.671435
0.67311
0.674895
0.676797
0.678822
0.680979
0.683276
0.685722
0.68833
0.691112
0.694081
0.697252
0.700639
0.704261
0.708133
0.712271
0.716691
0.721409
0.726438
0.731787
0.737464
0.743473
0.749814
0.75648
0.763461
0.770742
0.7783
0.78611
0.794138
0.802351
0.810707
0.819164
0.827676
0.836195
0.844676
0.853069
0.861329
0.869411
0.877273
0.884877
0.892188
0.899174
0.90581
0.912073
0.917947
0.923419
0.928481
0.93313
0.937366
0.941195
0.944623
0.947662
0.950325
0.952625
0.954576
0.956191
0.957468
0.958328
0.655214
0.655214
0.655214
0.655215
0.655216
0.655219
0.655225
0.655234
0.655247
0.655267
0.655294
0.655332
0.65538
0.655443
0.655522
0.65562
0.655739
0.655882
0.656054
0.656255
0.656491
0.656765
0.657079
0.657439
0.657847
0.658308
0.658826
0.659404
0.660049
0.660761
0.661545
0.662407
0.663348
0.664381
0.665496
0.666703
0.668011
0.669413
0.670917
0.672524
0.674239
0.676062
0.678041
0.680106
0.682291
0.684601
0.687037
0.689603
0.692304
0.695144
0.698127
0.701259
0.704547
0.707997
0.711617
0.715415
0.719401
0.723583
0.727971
0.732575
0.737403
0.742464
0.747765
0.753311
0.759104
0.765145
0.771432
0.777956
0.784709
0.791675
0.798836
0.806169
0.813646
0.821241
0.828918
0.836642
0.844374
0.852078
0.859712
0.867239
0.87462
0.881819
0.8888
0.895533
0.901989
0.908143
0.913974
0.919464
0.924601
0.929375
0.93378
0.937814
0.94148
0.944781
0.947724
0.950317
0.952566
0.954476
0.956033
0.957113
0.646722
0.646722
0.646722
0.646723
0.646724
0.646728
0.646734
0.646745
0.646761
0.646784
0.646817
0.64686
0.646918
0.646992
0.647085
0.647201
0.647341
0.647511
0.647713
0.647952
0.64823
0.648553
0.648925
0.649351
0.649834
0.650379
0.650991
0.651677
0.652438
0.653281
0.654213
0.655235
0.656352
0.65757
0.6589
0.660334
0.66188
0.663544
0.665336
0.667246
0.669283
0.671449
0.673745
0.676174
0.678791
0.681508
0.684365
0.687364
0.690505
0.693791
0.697221
0.700798
0.704521
0.708394
0.712417
0.716594
0.720925
0.725414
0.730065
0.734879
0.739862
0.745016
0.750344
0.755848
0.761531
0.767392
0.773431
0.779645
0.786028
0.792573
0.799269
0.806103
0.813058
0.820117
0.827255
0.834448
0.84167
0.848891
0.856081
0.863209
0.870243
0.87715
0.883901
0.890466
0.896817
0.902929
0.908778
0.914345
0.919613
0.924568
0.929199
0.9335
0.937465
0.941093
0.944384
0.947339
0.949957
0.952233
0.954137
0.955486
0.628049
0.628049
0.62805
0.62805
0.628052
0.628056
0.628063
0.628075
0.628093
0.628119
0.628156
0.628205
0.62827
0.628354
0.628458
0.628588
0.628747
0.628938
0.629165
0.629434
0.629748
0.630112
0.630531
0.63101
0.631555
0.63217
0.632862
0.633635
0.634496
0.635449
0.6365
0.637659
0.638924
0.640305
0.641805
0.643438
0.645195
0.647087
0.649117
0.651297
0.653619
0.656089
0.658711
0.661486
0.664416
0.6675
0.670809
0.674228
0.677806
0.681544
0.685441
0.689496
0.693706
0.698071
0.702588
0.707256
0.712072
0.717034
0.72214
0.727389
0.732777
0.738304
0.743968
0.749767
0.755698
0.761759
0.767947
0.774259
0.780689
0.787232
0.793881
0.800627
0.807459
0.814364
0.821328
0.828334
0.835363
0.842396
0.849409
0.856381
0.863285
0.870097
0.876792
0.883345
0.88973
0.895925
0.901907
0.907656
0.913153
0.918383
0.92333
0.927985
0.932338
0.936381
0.940108
0.943515
0.946591
0.949321
0.951654
0.953333
0.599976
0.599976
0.599976
0.599977
0.599979
0.599983
0.599991
0.600004
0.600024
0.600052
0.600092
0.600145
0.600216
0.600307
0.60042
0.600561
0.600734
0.600941
0.601188
0.60148
0.601821
0.602217
0.602673
0.603195
0.603788
0.604458
0.605211
0.606053
0.606991
0.608032
0.60918
0.610442
0.611828
0.613338
0.614981
0.616763
0.618696
0.620774
0.623007
0.625398
0.627954
0.630687
0.633584
0.636655
0.639902
0.643326
0.646927
0.650769
0.654746
0.658904
0.663242
0.667758
0.672448
0.677311
0.682342
0.687536
0.692891
0.6984
0.704058
0.70986
0.7158
0.721872
0.72807
0.734388
0.74082
0.747358
0.753998
0.760732
0.767553
0.774454
0.781427
0.788464
0.795554
0.802689
0.809857
0.817044
0.824239
0.831425
0.838588
0.845708
0.852769
0.859752
0.866635
0.873401
0.880027
0.886494
0.892783
0.898874
0.90475
0.910394
0.915791
0.920927
0.925789
0.930367
0.934648
0.938622
0.94227
0.945563
0.948429
0.950513
0.563884
0.563884
0.563885
0.563885
0.563888
0.563892
0.5639
0.563914
0.563934
0.563964
0.564006
0.564063
0.564137
0.564233
0.564353
0.564502
0.564684
0.564903
0.565164
0.565472
0.565832
0.56625
0.566732
0.567283
0.56791
0.568618
0.569415
0.570307
0.5713
0.572402
0.573619
0.574959
0.576427
0.578034
0.579781
0.581678
0.583731
0.585945
0.588335
0.590893
0.593629
0.596549
0.599666
0.602969
0.606466
0.610161
0.614055
0.618149
0.622442
0.627012
0.631727
0.636644
0.641761
0.647073
0.652577
0.658269
0.664143
0.670192
0.676412
0.682793
0.689329
0.69601
0.702829
0.709777
0.716843
0.724018
0.731293
0.738658
0.746103
0.753618
0.761191
0.768814
0.776474
0.784162
0.791866
0.799573
0.807273
0.814951
0.822596
0.830192
0.837725
0.845181
0.852543
0.859795
0.866921
0.873905
0.880729
0.887378
0.893834
0.900083
0.906109
0.911898
0.917434
0.922705
0.927694
0.932383
0.936748
0.940745
0.944272
0.946855
0.521646
0.521646
0.521647
0.521647
0.52165
0.521654
0.521663
0.521677
0.521698
0.521729
0.521772
0.521831
0.521907
0.522005
0.522129
0.522282
0.522469
0.522694
0.522963
0.52328
0.523652
0.524082
0.524579
0.525146
0.525792
0.526523
0.527345
0.528265
0.529291
0.530429
0.531687
0.533072
0.534592
0.536253
0.538067
0.540035
0.542166
0.544468
0.546947
0.549618
0.552473
0.555523
0.558775
0.562231
0.565911
0.569796
0.573898
0.57822
0.582762
0.587526
0.592511
0.597807
0.603258
0.60893
0.614821
0.620926
0.627241
0.633761
0.640478
0.647385
0.654474
0.661736
0.669162
0.676742
0.684464
0.692318
0.700291
0.708371
0.716547
0.724806
0.733134
0.741519
0.749947
0.758406
0.766883
0.775364
0.783835
0.792284
0.800698
0.809061
0.817361
0.825584
0.833715
0.841741
0.849647
0.857418
0.86504
0.872498
0.879777
0.886864
0.893742
0.900398
0.906816
0.912979
0.91887
0.924464
0.929728
0.934603
0.938953
0.942156
0.475417
0.475417
0.475417
0.475418
0.47542
0.475425
0.475433
0.475447
0.475469
0.4755
0.475543
0.475602
0.475679
0.475778
0.475902
0.476057
0.476245
0.476472
0.476743
0.477062
0.477436
0.47787
0.47837
0.478943
0.479594
0.480331
0.48116
0.482089
0.483124
0.484274
0.485545
0.486946
0.488484
0.490166
0.492001
0.493998
0.496162
0.498501
0.501022
0.503732
0.506648
0.509761
0.513084
0.516622
0.520381
0.524378
0.528597
0.53305
0.53774
0.54267
0.54784
0.553251
0.558986
0.564902
0.571062
0.577462
0.5841
0.590971
0.598069
0.60539
0.612925
0.620667
0.628607
0.636734
0.645039
0.65351
0.662135
0.670902
0.679796
0.688805
0.697914
0.707108
0.716374
0.725695
0.735057
0.744445
0.753843
0.763236
0.772609
0.781946
0.791234
0.800457
0.8096
0.818648
0.827587
0.836403
0.845081
0.853606
0.861965
0.870141
0.878122
0.88589
0.89343
0.900723
0.907748
0.914474
0.920859
0.926826
0.9322
0.936173
0.427381
0.427381
0.427381
0.427382
0.427384
0.427388
0.427397
0.427411
0.427432
0.427463
0.427505
0.427563
0.42764
0.427737
0.42786
0.428013
0.428199
0.428423
0.42869
0.429006
0.429375
0.429804
0.430299
0.430865
0.431509
0.432237
0.433058
0.433977
0.435002
0.436141
0.4374
0.438789
0.440314
0.441984
0.443806
0.445789
0.447939
0.45027
0.452782
0.455486
0.458388
0.461497
0.46483
0.468375
0.472147
0.476151
0.480393
0.484895
0.489632
0.49462
0.499864
0.505363
0.511121
0.517137
0.52351
0.53007
0.536891
0.543971
0.551306
0.558893
0.566726
0.5748
0.583106
0.591638
0.600385
0.609339
0.618487
0.62782
0.637323
0.646984
0.65679
0.666725
0.676775
0.686924
0.697156
0.707454
0.717804
0.728187
0.738587
0.748988
0.759373
0.769725
0.780027
0.790264
0.800418
0.810475
0.820417
0.83023
0.839896
0.849401
0.858727
0.867857
0.876772
0.885451
0.893867
0.901984
0.909748
0.917062
0.9237
0.928632
0.379521
0.379521
0.379522
0.379522
0.379524
0.379529
0.379537
0.37955
0.379571
0.379601
0.379643
0.379699
0.379773
0.379868
0.379987
0.380135
0.380316
0.380534
0.380793
0.3811
0.381459
0.381876
0.382357
0.382907
0.383533
0.384242
0.38504
0.385934
0.386932
0.38804
0.389267
0.39062
0.392107
0.393735
0.395514
0.39745
0.399552
0.401827
0.404289
0.406937
0.409783
0.412834
0.416099
0.419592
0.423306
0.427255
0.431444
0.435879
0.440582
0.445531
0.450742
0.456219
0.461966
0.467983
0.474273
0.480836
0.487789
0.494931
0.502351
0.510046
0.518014
0.526251
0.534753
0.543514
0.552527
0.561785
0.57128
0.581002
0.590941
0.601085
0.611423
0.621942
0.632629
0.643468
0.654446
0.665545
0.676752
0.688049
0.699419
0.710842
0.722309
0.733795
0.745284
0.756759
0.768202
0.779594
0.790919
0.802157
0.813292
0.824303
0.835173
0.84588
0.856402
0.866713
0.87678
0.886559
0.895982
0.904925
0.913105
0.919221
0.333457
0.333457
0.333457
0.333458
0.33346
0.333464
0.333472
0.333485
0.333504
0.333533
0.333573
0.333627
0.333698
0.333788
0.333903
0.334045
0.334218
0.334426
0.334675
0.334969
0.335312
0.335712
0.336173
0.3367
0.3373
0.33798
0.338745
0.339603
0.34056
0.341624
0.342802
0.344101
0.345529
0.347094
0.348804
0.350667
0.352691
0.354882
0.357251
0.359808
0.362556
0.365504
0.368661
0.372034
0.375639
0.379469
0.383538
0.387851
0.392416
0.397238
0.402344
0.407702
0.413335
0.419244
0.425435
0.431908
0.438666
0.445816
0.453176
0.460829
0.468775
0.477012
0.485538
0.49435
0.503445
0.512818
0.522464
0.532376
0.542547
0.552969
0.563632
0.574528
0.585645
0.596972
0.608496
0.620205
0.632084
0.64412
0.656297
0.668599
0.681011
0.693516
0.706097
0.718736
0.731416
0.744119
0.756826
0.769517
0.782174
0.794776
0.807301
0.819726
0.832024
0.844165
0.856109
0.867802
0.87916
0.890027
0.900051
0.907605
0.290364
0.290364
0.290364
0.290365
0.290366
0.29037
0.290378
0.29039
0.290409
0.290436
0.290474
0.290525
0.290592
0.290678
0.290786
0.29092
0.291084
0.291281
0.291517
0.291795
0.292121
0.292499
0.292935
0.293435
0.294003
0.294647
0.295372
0.296185
0.297092
0.298101
0.299219
0.300451
0.301807
0.303293
0.304917
0.306687
0.308611
0.310696
0.31295
0.315382
0.318003
0.320815
0.323828
0.32705
0.330489
0.334152
0.338057
0.342194
0.346577
0.351213
0.356108
0.361288
0.366725
0.372439
0.378436
0.384718
0.39129
0.398155
0.405314
0.412892
0.420678
0.42877
0.437166
0.445869
0.454875
0.464185
0.473795
0.483703
0.493904
0.504394
0.515167
0.526217
0.537538
0.549121
0.560958
0.573039
0.585356
0.597895
0.610648
0.623601
0.636742
0.650058
0.663534
0.677156
0.690909
0.704778
0.718745
0.732794
0.746905
0.761061
0.775238
0.789414
0.80356
0.817642
0.831615
0.845417
0.858944
0.87201
0.884179
0.893444
0.250981
0.250981
0.250982
0.250982
0.250984
0.250988
0.250995
0.251006
0.251024
0.251049
0.251084
0.251132
0.251195
0.251276
0.251377
0.251503
0.251657
0.251842
0.252063
0.252324
0.25263
0.252984
0.253393
0.253862
0.254396
0.255
0.25568
0.256444
0.257296
0.258243
0.259293
0.260451
0.261725
0.263122
0.26465
0.266315
0.268125
0.270089
0.272213
0.274505
0.276973
0.279629
0.282474
0.285519
0.288771
0.292239
0.295929
0.299857
0.304017
0.308421
0.313077
0.317992
0.323189
0.328644
0.334377
0.340393
0.346697
0.353294
0.360186
0.367379
0.374874
0.382813
0.390957
0.399416
0.408192
0.417287
0.426701
0.436434
0.446485
0.456853
0.467537
0.478533
0.489839
0.501451
0.513365
0.525577
0.538079
0.550868
0.563936
0.577276
0.590881
0.604743
0.618852
0.633201
0.647779
0.662575
0.677579
0.692779
0.708162
0.723713
0.739415
0.755249
0.77119
0.787206
0.803252
0.81926
0.835114
0.850595
0.865175
0.87641
0.215668
0.215668
0.215668
0.215669
0.215671
0.215674
0.215681
0.215691
0.215707
0.215731
0.215764
0.215809
0.215867
0.215942
0.216037
0.216154
0.216297
0.21647
0.216675
0.216918
0.217203
0.217533
0.217914
0.218351
0.218848
0.219411
0.220045
0.220756
0.22155
0.222433
0.223412
0.224492
0.22568
0.226984
0.228409
0.229964
0.231654
0.233488
0.235474
0.237617
0.239926
0.242408
0.245074
0.247927
0.250976
0.254229
0.257693
0.261376
0.265293
0.269438
0.273824
0.278459
0.283348
0.288499
0.293939
0.299638
0.305618
0.311885
0.318444
0.3253
0.332456
0.339919
0.347815
0.355931
0.364369
0.373133
0.382224
0.391647
0.401402
0.411493
0.42192
0.432684
0.443786
0.455227
0.467007
0.479125
0.49158
0.504372
0.517501
0.530963
0.544758
0.558885
0.57334
0.588122
0.60323
0.61866
0.634409
0.650475
0.666854
0.68354
0.700528
0.717807
0.735364
0.753176
0.771207
0.789392
0.807613
0.825625
0.84281
0.856227
0.184486
0.184486
0.184486
0.184487
0.184488
0.184492
0.184498
0.184507
0.184522
0.184544
0.184575
0.184616
0.18467
0.18474
0.184827
0.184936
0.185068
0.185228
0.185419
0.185644
0.185907
0.186213
0.186566
0.18697
0.187431
0.187952
0.18854
0.189199
0.189935
0.190753
0.19166
0.192662
0.193764
0.194973
0.196295
0.197738
0.199307
0.20101
0.202853
0.204846
0.206992
0.2093
0.211778
0.214435
0.217275
0.220305
0.223535
0.226972
0.230622
0.234493
0.2386
0.242936
0.247516
0.252345
0.25743
0.262799
0.268423
0.274323
0.280507
0.28698
0.293747
0.300814
0.308185
0.315867
0.324004
0.332354
0.341033
0.350046
0.359398
0.369093
0.379136
0.38953
0.400279
0.411388
0.422859
0.434698
0.446907
0.45949
0.472452
0.485798
0.49953
0.513655
0.528177
0.543102
0.558437
0.574188
0.590363
0.60697
0.624016
0.641511
0.659463
0.677879
0.696762
0.716109
0.735903
0.756097
0.776585
0.797111
0.816979
0.8327
0.157286
0.157286
0.157286
0.157287
0.157288
0.157291
0.157297
0.157306
0.15732
0.15734
0.157368
0.157406
0.157456
0.15752
0.157601
0.157701
0.157823
0.157971
0.158146
0.158354
0.158597
0.158879
0.159205
0.159578
0.160003
0.160484
0.161026
0.161634
0.162313
0.163069
0.163906
0.164831
0.165848
0.166965
0.168187
0.16952
0.17097
0.172544
0.174249
0.17609
0.178077
0.180214
0.182508
0.184966
0.187596
0.190409
0.193405
0.196594
0.199983
0.20358
0.207392
0.211431
0.215695
0.220195
0.224937
0.229929
0.235178
0.240715
0.246503
0.252569
0.258919
0.265558
0.272494
0.279732
0.287277
0.295263
0.303472
0.312012
0.320888
0.330109
0.339678
0.349604
0.359892
0.370549
0.381582
0.392998
0.404805
0.417011
0.429624
0.442653
0.456109
0.470003
0.484346
0.499151
0.514434
0.53021
0.546498
0.563317
0.580689
0.59864
0.617194
0.636379
0.656223
0.676749
0.69797
0.719873
0.74238
0.765252
0.787731
0.80575
0.133787
0.133787
0.133787
0.133788
0.133789
0.133792
0.133797
0.133805
0.133818
0.133837
0.133863
0.133898
0.133944
0.134003
0.134077
0.134169
0.134281
0.134417
0.134579
0.134769
0.134993
0.135253
0.135552
0.135895
0.136286
0.136729
0.137228
0.137787
0.138413
0.139108
0.139879
0.14073
0.141667
0.142695
0.143821
0.145048
0.146384
0.147835
0.149406
0.151104
0.152935
0.154907
0.157024
0.159293
0.161722
0.164317
0.167088
0.170036
0.173171
0.1765
0.180029
0.183765
0.187721
0.191895
0.196297
0.200935
0.205815
0.210943
0.21635
0.222004
0.227927
0.234128
0.240612
0.247388
0.25446
0.261835
0.269521
0.277668
0.286028
0.294725
0.303767
0.313162
0.322918
0.333044
0.34355
0.354444
0.365738
0.377442
0.389569
0.402132
0.415146
0.428626
0.44259
0.457058
0.472051
0.487595
0.503717
0.520449
0.537826
0.555887
0.574678
0.594249
0.614653
0.635946
0.65818
0.681386
0.705537
0.730433
0.755293
0.775447
0.113636
0.113636
0.113636
0.113637
0.113638
0.11364
0.113645
0.113653
0.113664
0.113681
0.113705
0.113737
0.11378
0.113834
0.113902
0.113986
0.11409
0.114214
0.114363
0.114538
0.114743
0.114982
0.115257
0.115572
0.115931
0.116337
0.116796
0.11731
0.117884
0.118523
0.119231
0.120013
0.120874
0.121819
0.122854
0.123982
0.125211
0.126545
0.12799
0.129552
0.131237
0.133051
0.135
0.137091
0.139328
0.141719
0.14427
0.146991
0.149883
0.152954
0.156213
0.159664
0.163315
0.167178
0.17125
0.175543
0.180063
0.184817
0.189812
0.195055
0.200579
0.206344
0.212379
0.21869
0.225285
0.232171
0.239354
0.246843
0.254645
0.262929
0.271417
0.280249
0.289435
0.298985
0.308909
0.319219
0.329929
0.34105
0.352598
0.36459
0.377042
0.389975
0.403411
0.417374
0.431892
0.446998
0.462726
0.479117
0.496219
0.514086
0.53278
0.552371
0.57294
0.594575
0.617372
0.641413
0.666737
0.693208
0.72006
0.742017
0.0964525
0.0964525
0.0964526
0.096453
0.0964541
0.0964565
0.0964607
0.0964683
0.0964785
0.0964942
0.096516
0.0965455
0.0965842
0.0966338
0.0966964
0.0967739
0.0968686
0.0969828
0.097119
0.0972798
0.0974682
0.0976869
0.0979393
0.0982284
0.0985577
0.0989308
0.0993513
0.0998231
0.10035
0.100936
0.101586
0.102304
0.103095
0.103962
0.104912
0.105949
0.107077
0.108302
0.10963
0.111065
0.112614
0.114281
0.116072
0.117995
0.120053
0.122253
0.124601
0.127103
0.129768
0.132597
0.135599
0.138781
0.142149
0.145708
0.149467
0.153435
0.157611
0.162007
0.166628
0.171481
0.176573
0.181936
0.187534
0.193392
0.19952
0.205923
0.21261
0.219588
0.226866
0.234451
0.242498
0.250759
0.259361
0.268316
0.277635
0.287331
0.297417
0.30791
0.318824
0.330179
0.341994
0.354292
0.367098
0.380439
0.394348
0.408862
0.424021
0.439876
0.456481
0.473901
0.492212
0.511504
0.531879
0.553457
0.576374
0.600766
0.626741
0.65425
0.682574
0.705843
0.08186
0.08186
0.08186
0.0818604
0.0818614
0.0818636
0.0818675
0.0818739
0.0818838
0.0818981
0.0819182
0.0819452
0.0819807
0.0820263
0.0820836
0.0821547
0.0822415
0.0823462
0.0824711
0.0826187
0.0827914
0.082992
0.0832235
0.0834886
0.0837907
0.0841329
0.0845186
0.0849514
0.0854348
0.0859728
0.0865691
0.0872279
0.0879532
0.0887494
0.0896208
0.0905721
0.091608
0.092733
0.0939519
0.0952699
0.0966922
0.0982236
0.0998695
0.101635
0.103527
0.10555
0.107709
0.11001
0.112459
0.115064
0.117828
0.120758
0.12386
0.12714
0.130604
0.134259
0.138116
0.142173
0.14644
0.150924
0.155632
0.16057
0.165768
0.171194
0.176872
0.18281
0.189017
0.195499
0.202266
0.209325
0.216686
0.224357
0.232512
0.240873
0.249584
0.258659
0.268111
0.277956
0.288212
0.298899
0.310036
0.321648
0.333762
0.346409
0.359621
0.37344
0.387911
0.403086
0.419028
0.435809
0.453516
0.472249
0.49213
0.513304
0.535939
0.560221
0.586326
0.614294
0.643482
0.667442
0.0695038
0.0695038
0.0695039
0.0695042
0.0695052
0.0695071
0.0695107
0.0695166
0.0695257
0.0695388
0.0695572
0.069582
0.0696145
0.0696563
0.0697089
0.0697741
0.0698538
0.0699498
0.0700644
0.0701997
0.0703581
0.0705422
0.0707545
0.0709977
0.0712748
0.0715887
0.0719426
0.0723396
0.0727831
0.0732767
0.0738239
0.0744283
0.0750939
0.0758246
0.0766244
0.0774975
0.0784482
0.0794811
0.0806004
0.0818105
0.0831165
0.0845232
0.0860351
0.0876575
0.0893952
0.0912543
0.0932391
0.0953548
0.0976071
0.100002
0.102546
0.105242
0.108097
0.111118
0.114309
0.117678
0.121229
0.124972
0.128909
0.133047
0.137394
0.141956
0.14674
0.151752
0.157027
0.162524
0.168273
0.174282
0.180559
0.187113
0.193952
0.201086
0.208525
0.216428
0.224544
0.233007
0.241831
0.251032
0.260628
0.270639
0.281085
0.291992
0.303387
0.315301
0.327769
0.340833
0.35454
0.368945
0.384113
0.400121
0.417061
0.435041
0.454196
0.474685
0.496702
0.52047
0.54622
0.574078
0.603484
0.627428
0.0590611
0.0590611
0.0590612
0.0590615
0.0590624
0.0590642
0.0590674
0.0590729
0.0590812
0.0590932
0.0591101
0.0591329
0.0591627
0.0592011
0.0592494
0.0593092
0.0593823
0.0594704
0.0595755
0.0596997
0.0598451
0.060014
0.0602088
0.0604321
0.0606864
0.0609745
0.0612993
0.0616637
0.0620708
0.0625239
0.0630262
0.0635811
0.0641921
0.064863
0.0655973
0.066399
0.067272
0.0682203
0.0692484
0.0703601
0.0715598
0.072852
0.0742414
0.0757323
0.0773295
0.0790378
0.0808627
0.0828084
0.0848799
0.0870826
0.0894216
0.0919042
0.0945325
0.0973134
0.100252
0.103355
0.106628
0.110076
0.113708
0.117525
0.121537
0.125748
0.130166
0.134797
0.139649
0.144753
0.150072
0.155635
0.161449
0.167523
0.173867
0.180488
0.187398
0.194607
0.202126
0.210134
0.21835
0.226925
0.235875
0.245221
0.254984
0.265188
0.27586
0.287032
0.298739
0.311022
0.323928
0.337514
0.351844
0.366996
0.383063
0.400159
0.418421
0.438018
0.459155
0.482081
0.507063
0.53429
0.563282
0.586467
0.0502451
0.0502451
0.0502451
0.0502454
0.0502462
0.0502479
0.0502509
0.0502559
0.0502635
0.0502746
0.0502901
0.050311
0.0503384
0.0503736
0.050418
0.0504729
0.05054
0.050621
0.0507175
0.0508316
0.0509651
0.0511202
0.0512992
0.0515042
0.0517378
0.0520024
0.0523007
0.0526355
0.0530094
0.0534256
0.053887
0.0543968
0.0549582
0.0555745
0.0562492
0.0569859
0.0577881
0.0586596
0.0596041
0.0606262
0.0617289
0.0629168
0.0641939
0.065565
0.0670337
0.0686049
0.0702829
0.072073
0.0739792
0.0760062
0.0781591
0.0804428
0.082864
0.085425
0.0881323
0.0909913
0.0940072
0.0971857
0.100532
0.104053
0.107756
0.111644
0.115723
0.120001
0.124484
0.129179
0.134093
0.139262
0.144643
0.150269
0.156146
0.162285
0.168695
0.175386
0.182371
0.18966
0.197419
0.205394
0.213724
0.222429
0.231529
0.241048
0.251013
0.261454
0.272405
0.283907
0.296005
0.308754
0.322218
0.336474
0.351612
0.367746
0.38501
0.403575
0.423648
0.445485
0.469371
0.49553
0.523529
0.545232
0.0428053
0.0428053
0.0428054
0.0428057
0.0428064
0.0428079
0.0428107
0.0428153
0.0428223
0.0428325
0.0428467
0.0428659
0.0428911
0.0429235
0.0429643
0.0430148
0.0430765
0.0431509
0.0432396
0.0433445
0.0434673
0.0436099
0.0437744
0.0439629
0.0441776
0.0444209
0.0446952
0.0450029
0.0453468
0.0457294
0.0461537
0.0466224
0.0471386
0.0477054
0.0483259
0.0490034
0.0497412
0.0505428
0.0514116
0.0523516
0.0533662
0.0544591
0.0556342
0.0568956
0.0582474
0.0596935
0.0612382
0.0628856
0.0646408
0.0665076
0.0684903
0.070594
0.0728231
0.0751826
0.077679
0.0803143
0.0830949
0.0860262
0.0891132
0.0923616
0.0957769
0.0993671
0.103134
0.107086
0.111228
0.115568
0.120112
0.124867
0.129868
0.135075
0.140518
0.146205
0.152147
0.158353
0.164835
0.171603
0.178671
0.186191
0.193934
0.202029
0.210497
0.21936
0.228644
0.238378
0.248595
0.259334
0.270637
0.282558
0.295158
0.308509
0.322699
0.337835
0.354049
0.371502
0.390397
0.41098
0.433534
0.458283
0.484802
0.504358
0.0365262
0.0365262
0.0365262
0.0365265
0.0365272
0.0365286
0.0365311
0.0365353
0.0365418
0.0365512
0.0365643
0.0365819
0.0366051
0.0366349
0.0366725
0.036719
0.0367757
0.0368442
0.0369259
0.0370224
0.0371354
0.0372666
0.037418
0.0375915
0.0377891
0.038013
0.0382655
0.0385487
0.0388652
0.0392174
0.0396079
0.0400394
0.0405146
0.0410363
0.0416076
0.0422313
0.0429105
0.0436486
0.0444486
0.0453139
0.0462484
0.0472549
0.0483372
0.049499
0.050744
0.0520764
0.0534995
0.0550176
0.0566346
0.0583551
0.0601829
0.0621222
0.0641774
0.0663532
0.068654
0.0710861
0.0736514
0.0763562
0.0792054
0.0822042
0.0853577
0.0886714
0.0921528
0.0958042
0.0996331
0.103646
0.107849
0.112248
0.116852
0.121691
0.126731
0.132
0.137506
0.14326
0.149272
0.155552
0.162114
0.168971
0.176137
0.183786
0.191657
0.1999
0.208538
0.217599
0.227114
0.23712
0.247657
0.258775
0.270531
0.282994
0.296245
0.310384
0.325533
0.341844
0.359504
0.37874
0.399811
0.422911
0.44757
0.464409
0.0312235
0.0312235
0.0312235
0.0312238
0.0312244
0.0312257
0.031228
0.0312319
0.0312378
0.0312465
0.0312586
0.0312748
0.0312962
0.0313237
0.0313583
0.0314011
0.0314534
0.0315165
0.0315918
0.0316807
0.0317848
0.0319057
0.0320452
0.032205
0.0323872
0.0325935
0.0328261
0.0330871
0.0333788
0.0337033
0.0340632
0.0344608
0.0348987
0.0353796
0.0359061
0.0364809
0.037107
0.0377873
0.0385248
0.0393225
0.0401837
0.0411118
0.0421097
0.043181
0.0443291
0.0455576
0.0468702
0.0482704
0.0497621
0.0513489
0.0530353
0.054825
0.0567217
0.0587298
0.0608537
0.0630977
0.0654674
0.0679653
0.070597
0.0733673
0.0762812
0.0793436
0.08256
0.0859374
0.0894784
0.0931902
0.0970789
0.101151
0.105413
0.109872
0.114536
0.11944
0.124543
0.129878
0.135453
0.14128
0.147371
0.153738
0.160395
0.167357
0.174788
0.182449
0.190479
0.198906
0.207758
0.217068
0.226877
0.237228
0.248175
0.259781
0.272122
0.285288
0.299391
0.314567
0.330982
0.348837
0.368351
0.389658
0.41219
0.425857
0.0267412
0.0267412
0.0267413
0.0267415
0.0267421
0.0267433
0.0267454
0.026749
0.0267545
0.0267625
0.0267736
0.0267886
0.0268084
0.0268337
0.0268656
0.0269051
0.0269534
0.0270116
0.027081
0.027163
0.0272591
0.0273706
0.0274993
0.0276468
0.0278148
0.0280052
0.0282198
0.0284606
0.0287297
0.0290291
0.0293612
0.0297281
0.0301322
0.0305759
0.0310617
0.0315921
0.0321699
0.0327977
0.0334783
0.0342146
0.0350094
0.0358658
0.0367872
0.0377762
0.0388361
0.0399703
0.0411821
0.0424751
0.0438526
0.0453181
0.0468754
0.0485285
0.0502809
0.0521362
0.0540987
0.0561724
0.0583614
0.0606713
0.0631042
0.0656658
0.0683604
0.071193
0.0741685
0.077292
0.0805687
0.0840062
0.0876066
0.0913777
0.0953256
0.0994572
0.103779
0.1083
0.113052
0.117999
0.123172
0.128579
0.134233
0.140145
0.146328
0.152798
0.159569
0.166797
0.17426
0.182094
0.190324
0.198982
0.208104
0.217731
0.227913
0.238705
0.250178
0.262412
0.275506
0.28958
0.304777
0.321263
0.339207
0.358661
0.378911
0.389074
